periods
array([  1.,   2.,   4.,   8.,  16.,  32.,  64., 128., 256.])

λ_superstable

array([1.99960606, 3.23578788, 3.49840404, 3.55455556, 3.5666206 ,
       3.5692186 , 3.5697822 , 3.56990678, 3.56995898, 3.56997608])
	   
	   
	   
1.9996060606060495
3.2357878787877317
3.498404040403864
3.5545555555553734
3.5666205999807996
3.569218599976548
3.5697821999756254
3.569906779985933
3.5699589809902523
3.5699760799999747
------------------------


1.9996060606060055
3.2357878787876877
3.49840404040382
3.5545555555553294
3.5666626999806867
3.569241099976467
3.569793999975562
3.5699127499748404
3.5699383999746845
3.5699440299746503